(kicad_pcb (version 20170922) (host pcbnew no-vcs-found-d5290bd~61~ubuntu16.04.1)

  (general
    (thickness 1.6)
    (drawings 24)
    (tracks 200)
    (zones 0)
    (modules 65)
    (nets 93)
  )

  (page A4)
  (layers
    (0 F.Cu signal)
    (31 B.Cu signal)
    (32 B.Adhes user)
    (33 F.Adhes user)
    (34 B.Paste user)
    (35 F.Paste user)
    (36 B.SilkS user)
    (37 F.SilkS user)
    (38 B.Mask user)
    (39 F.Mask user)
    (40 Dwgs.User user)
    (41 Cmts.User user)
    (42 Eco1.User user)
    (43 Eco2.User user)
    (44 Edge.Cuts user)
    (45 Margin user)
    (46 B.CrtYd user)
    (47 F.CrtYd user)
    (48 B.Fab user)
    (49 F.Fab user hide)
  )

  (setup
    (last_trace_width 0.25)
    (user_trace_width 0.2)
    (user_trace_width 0.5)
    (user_trace_width 0.8)
    (user_trace_width 1)
    (user_trace_width 1.2)
    (user_trace_width 1.5)
    (user_trace_width 1.8)
    (user_trace_width 2)
    (trace_clearance 0.2)
    (zone_clearance 0.254)
    (zone_45_only no)
    (trace_min 0.2)
    (segment_width 0.15)
    (edge_width 0.15)
    (via_size 0.8)
    (via_drill 0.4)
    (via_min_size 0.4)
    (via_min_drill 0.3)
    (uvia_size 0.3)
    (uvia_drill 0.1)
    (uvias_allowed no)
    (uvia_min_size 0.2)
    (uvia_min_drill 0.1)
    (pcb_text_width 0.3)
    (pcb_text_size 1.5 1.5)
    (mod_edge_width 0.15)
    (mod_text_size 1 1)
    (mod_text_width 0.15)
    (pad_size 4.55 5.25)
    (pad_drill 0)
    (pad_to_mask_clearance 0.2)
    (aux_axis_origin 0 0)
    (visible_elements FFFDFF7F)
    (pcbplotparams
      (layerselection 0x010fc_ffffffff)
      (usegerberextensions false)
      (usegerberattributes true)
      (usegerberadvancedattributes true)
      (creategerberjobfile true)
      (excludeedgelayer true)
      (linewidth 0.100000)
      (plotframeref false)
      (viasonmask false)
      (mode 1)
      (useauxorigin false)
      (hpglpennumber 1)
      (hpglpenspeed 20)
      (hpglpendiameter 15)
      (psnegative false)
      (psa4output false)
      (plotreference true)
      (plotvalue true)
      (plotinvisibletext false)
      (padsonsilk false)
      (subtractmaskfromsilk false)
      (outputformat 1)
      (mirror false)
      (drillshape 1)
      (scaleselection 1)
      (outputdirectory ""))
  )

  (net 0 "")
  (net 1 GND)
  (net 2 +5V)
  (net 3 /~RST)
  (net 4 +3V3)
  (net 5 "Net-(C7-Pad2)")
  (net 6 "Net-(C9-Pad1)")
  (net 7 "Net-(C10-Pad1)")
  (net 8 VCC)
  (net 9 "Net-(C17-Pad1)")
  (net 10 "Net-(C20-Pad1)")
  (net 11 "Net-(C20-Pad2)")
  (net 12 "Net-(D1-Pad1)")
  (net 13 "Net-(D2-Pad1)")
  (net 14 "Net-(D3-Pad1)")
  (net 15 "Net-(D4-Pad1)")
  (net 16 "Net-(D5-Pad2)")
  (net 17 "Net-(D7-Pad2)")
  (net 18 "Net-(J2-Pad2)")
  (net 19 "Net-(J2-Pad1)")
  (net 20 /MISO)
  (net 21 /SCK)
  (net 22 /MOSI)
  (net 23 "Net-(R1-Pad2)")
  (net 24 /SDA)
  (net 25 /SCL)
  (net 26 "Net-(R5-Pad2)")
  (net 27 "Net-(R6-Pad2)")
  (net 28 "Net-(R7-Pad2)")
  (net 29 "Net-(R8-Pad2)")
  (net 30 "Net-(R9-Pad2)")
  (net 31 "Net-(R10-Pad2)")
  (net 32 "Net-(R11-Pad2)")
  (net 33 /INT2_A/G)
  (net 34 /INT_M)
  (net 35 "Net-(U2-Pad3)")
  (net 36 "Net-(U2-Pad6)")
  (net 37 "Net-(U2-Pad7)")
  (net 38 "Net-(U2-Pad8)")
  (net 39 "Net-(U2-Pad9)")
  (net 40 "Net-(U2-Pad10)")
  (net 41 "Net-(U2-Pad11)")
  (net 42 /MOTOR_ERR)
  (net 43 /MOTOR_PWM1)
  (net 44 /MOTOR_PWM2)
  (net 45 "Net-(U2-Pad19)")
  (net 46 "Net-(U2-Pad22)")
  (net 47 /FL_LED)
  (net 48 /FR_LED)
  (net 49 /BL_LED)
  (net 50 /BR_LED)
  (net 51 /RX)
  (net 52 /TX)
  (net 53 /INT1_A/G)
  (net 54 "Net-(U3-Pad1)")
  (net 55 "Net-(U3-Pad2)")
  (net 56 "Net-(U3-Pad7)")
  (net 57 "Net-(U3-Pad10)")
  (net 58 "Net-(U3-Pad11)")
  (net 59 "Net-(U3-Pad12)")
  (net 60 "Net-(U3-Pad13)")
  (net 61 "Net-(U3-Pad14)")
  (net 62 "Net-(U3-Pad15)")
  (net 63 "Net-(U3-Pad16)")
  (net 64 "Net-(U3-Pad17)")
  (net 65 "Net-(U3-Pad18)")
  (net 66 "Net-(U3-Pad19)")
  (net 67 "Net-(U3-Pad20)")
  (net 68 "Net-(U3-Pad21)")
  (net 69 "Net-(U3-Pad22)")
  (net 70 "Net-(U3-Pad23)")
  (net 71 "Net-(U3-Pad24)")
  (net 72 "Net-(U3-Pad27)")
  (net 73 "Net-(U4-Pad9)")
  (net 74 "Net-(U4-Pad10)")
  (net 75 "Net-(U4-Pad11)")
  (net 76 "Net-(U4-Pad12)")
  (net 77 "Net-(U5-Pad9)")
  (net 78 "Net-(U5-Pad13)")
  (net 79 "Net-(U7-Pad1)")
  (net 80 "Net-(U7-Pad3)")
  (net 81 "Net-(U7-Pad4)")
  (net 82 "Net-(U7-Pad5)")
  (net 83 "Net-(U7-Pad6)")
  (net 84 "Net-(U7-Pad9)")
  (net 85 "Net-(U7-Pad11)")
  (net 86 "Net-(U7-Pad12)")
  (net 87 "Net-(U7-Pad15)")
  (net 88 "Net-(U7-Pad16)")
  (net 89 /D-)
  (net 90 /D+)
  (net 91 /D2-)
  (net 92 /D2+)

  (net_class Default "This is the default net class."
    (clearance 0.2)
    (trace_width 0.25)
    (via_dia 0.8)
    (via_drill 0.4)
    (uvia_dia 0.3)
    (uvia_drill 0.1)
    (add_net +3V3)
    (add_net +5V)
    (add_net /BL_LED)
    (add_net /BR_LED)
    (add_net /D+)
    (add_net /D-)
    (add_net /D2+)
    (add_net /D2-)
    (add_net /FL_LED)
    (add_net /FR_LED)
    (add_net /INT1_A/G)
    (add_net /INT2_A/G)
    (add_net /INT_M)
    (add_net /MISO)
    (add_net /MOSI)
    (add_net /MOTOR_ERR)
    (add_net /MOTOR_PWM1)
    (add_net /MOTOR_PWM2)
    (add_net /RX)
    (add_net /SCK)
    (add_net /SCL)
    (add_net /SDA)
    (add_net /TX)
    (add_net /~RST)
    (add_net GND)
    (add_net "Net-(C10-Pad1)")
    (add_net "Net-(C17-Pad1)")
    (add_net "Net-(C20-Pad1)")
    (add_net "Net-(C20-Pad2)")
    (add_net "Net-(C7-Pad2)")
    (add_net "Net-(C9-Pad1)")
    (add_net "Net-(D1-Pad1)")
    (add_net "Net-(D2-Pad1)")
    (add_net "Net-(D3-Pad1)")
    (add_net "Net-(D4-Pad1)")
    (add_net "Net-(D5-Pad2)")
    (add_net "Net-(D7-Pad2)")
    (add_net "Net-(J2-Pad1)")
    (add_net "Net-(J2-Pad2)")
    (add_net "Net-(R1-Pad2)")
    (add_net "Net-(R10-Pad2)")
    (add_net "Net-(R11-Pad2)")
    (add_net "Net-(R5-Pad2)")
    (add_net "Net-(R6-Pad2)")
    (add_net "Net-(R7-Pad2)")
    (add_net "Net-(R8-Pad2)")
    (add_net "Net-(R9-Pad2)")
    (add_net "Net-(U2-Pad10)")
    (add_net "Net-(U2-Pad11)")
    (add_net "Net-(U2-Pad19)")
    (add_net "Net-(U2-Pad22)")
    (add_net "Net-(U2-Pad3)")
    (add_net "Net-(U2-Pad6)")
    (add_net "Net-(U2-Pad7)")
    (add_net "Net-(U2-Pad8)")
    (add_net "Net-(U2-Pad9)")
    (add_net "Net-(U3-Pad1)")
    (add_net "Net-(U3-Pad10)")
    (add_net "Net-(U3-Pad11)")
    (add_net "Net-(U3-Pad12)")
    (add_net "Net-(U3-Pad13)")
    (add_net "Net-(U3-Pad14)")
    (add_net "Net-(U3-Pad15)")
    (add_net "Net-(U3-Pad16)")
    (add_net "Net-(U3-Pad17)")
    (add_net "Net-(U3-Pad18)")
    (add_net "Net-(U3-Pad19)")
    (add_net "Net-(U3-Pad2)")
    (add_net "Net-(U3-Pad20)")
    (add_net "Net-(U3-Pad21)")
    (add_net "Net-(U3-Pad22)")
    (add_net "Net-(U3-Pad23)")
    (add_net "Net-(U3-Pad24)")
    (add_net "Net-(U3-Pad27)")
    (add_net "Net-(U3-Pad7)")
    (add_net "Net-(U4-Pad10)")
    (add_net "Net-(U4-Pad11)")
    (add_net "Net-(U4-Pad12)")
    (add_net "Net-(U4-Pad9)")
    (add_net "Net-(U5-Pad13)")
    (add_net "Net-(U5-Pad9)")
    (add_net "Net-(U7-Pad1)")
    (add_net "Net-(U7-Pad11)")
    (add_net "Net-(U7-Pad12)")
    (add_net "Net-(U7-Pad15)")
    (add_net "Net-(U7-Pad16)")
    (add_net "Net-(U7-Pad3)")
    (add_net "Net-(U7-Pad4)")
    (add_net "Net-(U7-Pad5)")
    (add_net "Net-(U7-Pad6)")
    (add_net "Net-(U7-Pad9)")
    (add_net VCC)
  )

  (module Housings_DFN_QFN:QFN-28-1EP_5x5mm_Pitch0.5mm (layer F.Cu) (tedit 54130A77) (tstamp 5A00B594)
    (at 81.28 163.703 270)
    (descr "28-Lead Plastic Quad Flat, No Lead Package (MQ) - 5x5x0.9 mm Body [QFN or VQFN]; (see Microchip Packaging Specification 00000049BS.pdf)")
    (tags "QFN 0.5")
    (path /59F796F8)
    (attr smd)
    (fp_text reference U3 (at 0 -3.875 270) (layer F.SilkS)
      (effects (font (size 1 1) (thickness 0.15)))
    )
    (fp_text value CP2102 (at 0 3.875 270) (layer F.Fab)
      (effects (font (size 1 1) (thickness 0.15)))
    )
    (fp_line (start -1.5 -2.5) (end 2.5 -2.5) (layer F.Fab) (width 0.15))
    (fp_line (start 2.5 -2.5) (end 2.5 2.5) (layer F.Fab) (width 0.15))
    (fp_line (start 2.5 2.5) (end -2.5 2.5) (layer F.Fab) (width 0.15))
    (fp_line (start -2.5 2.5) (end -2.5 -1.5) (layer F.Fab) (width 0.15))
    (fp_line (start -2.5 -1.5) (end -1.5 -2.5) (layer F.Fab) (width 0.15))
    (fp_line (start -3.15 -3.15) (end -3.15 3.15) (layer F.CrtYd) (width 0.05))
    (fp_line (start 3.15 -3.15) (end 3.15 3.15) (layer F.CrtYd) (width 0.05))
    (fp_line (start -3.15 -3.15) (end 3.15 -3.15) (layer F.CrtYd) (width 0.05))
    (fp_line (start -3.15 3.15) (end 3.15 3.15) (layer F.CrtYd) (width 0.05))
    (fp_line (start 2.625 -2.625) (end 2.625 -1.875) (layer F.SilkS) (width 0.15))
    (fp_line (start -2.625 2.625) (end -2.625 1.875) (layer F.SilkS) (width 0.15))
    (fp_line (start 2.625 2.625) (end 2.625 1.875) (layer F.SilkS) (width 0.15))
    (fp_line (start -2.625 -2.625) (end -1.875 -2.625) (layer F.SilkS) (width 0.15))
    (fp_line (start -2.625 2.625) (end -1.875 2.625) (layer F.SilkS) (width 0.15))
    (fp_line (start 2.625 2.625) (end 1.875 2.625) (layer F.SilkS) (width 0.15))
    (fp_line (start 2.625 -2.625) (end 1.875 -2.625) (layer F.SilkS) (width 0.15))
    (pad 1 smd oval (at -2.45 -1.5 270) (size 0.85 0.3) (layers F.Cu F.Paste F.Mask)
      (net 54 "Net-(U3-Pad1)"))
    (pad 2 smd oval (at -2.45 -1 270) (size 0.85 0.3) (layers F.Cu F.Paste F.Mask)
      (net 55 "Net-(U3-Pad2)"))
    (pad 3 smd oval (at -2.45 -0.5 270) (size 0.85 0.3) (layers F.Cu F.Paste F.Mask)
      (net 1 GND))
    (pad 4 smd oval (at -2.45 0 270) (size 0.85 0.3) (layers F.Cu F.Paste F.Mask)
      (net 92 /D2+))
    (pad 5 smd oval (at -2.45 0.5 270) (size 0.85 0.3) (layers F.Cu F.Paste F.Mask)
      (net 91 /D2-))
    (pad 6 smd oval (at -2.45 1 270) (size 0.85 0.3) (layers F.Cu F.Paste F.Mask)
      (net 4 +3V3))
    (pad 7 smd oval (at -2.45 1.5 270) (size 0.85 0.3) (layers F.Cu F.Paste F.Mask)
      (net 56 "Net-(U3-Pad7)"))
    (pad 8 smd oval (at -1.5 2.45) (size 0.85 0.3) (layers F.Cu F.Paste F.Mask)
      (net 2 +5V))
    (pad 9 smd oval (at -1 2.45) (size 0.85 0.3) (layers F.Cu F.Paste F.Mask)
      (net 23 "Net-(R1-Pad2)"))
    (pad 10 smd oval (at -0.5 2.45) (size 0.85 0.3) (layers F.Cu F.Paste F.Mask)
      (net 57 "Net-(U3-Pad10)"))
    (pad 11 smd oval (at 0 2.45) (size 0.85 0.3) (layers F.Cu F.Paste F.Mask)
      (net 58 "Net-(U3-Pad11)"))
    (pad 12 smd oval (at 0.5 2.45) (size 0.85 0.3) (layers F.Cu F.Paste F.Mask)
      (net 59 "Net-(U3-Pad12)"))
    (pad 13 smd oval (at 1 2.45) (size 0.85 0.3) (layers F.Cu F.Paste F.Mask)
      (net 60 "Net-(U3-Pad13)"))
    (pad 14 smd oval (at 1.5 2.45) (size 0.85 0.3) (layers F.Cu F.Paste F.Mask)
      (net 61 "Net-(U3-Pad14)"))
    (pad 15 smd oval (at 2.45 1.5 270) (size 0.85 0.3) (layers F.Cu F.Paste F.Mask)
      (net 62 "Net-(U3-Pad15)"))
    (pad 16 smd oval (at 2.45 1 270) (size 0.85 0.3) (layers F.Cu F.Paste F.Mask)
      (net 63 "Net-(U3-Pad16)"))
    (pad 17 smd oval (at 2.45 0.5 270) (size 0.85 0.3) (layers F.Cu F.Paste F.Mask)
      (net 64 "Net-(U3-Pad17)"))
    (pad 18 smd oval (at 2.45 0 270) (size 0.85 0.3) (layers F.Cu F.Paste F.Mask)
      (net 65 "Net-(U3-Pad18)"))
    (pad 19 smd oval (at 2.45 -0.5 270) (size 0.85 0.3) (layers F.Cu F.Paste F.Mask)
      (net 66 "Net-(U3-Pad19)"))
    (pad 20 smd oval (at 2.45 -1 270) (size 0.85 0.3) (layers F.Cu F.Paste F.Mask)
      (net 67 "Net-(U3-Pad20)"))
    (pad 21 smd oval (at 2.45 -1.5 270) (size 0.85 0.3) (layers F.Cu F.Paste F.Mask)
      (net 68 "Net-(U3-Pad21)"))
    (pad 22 smd oval (at 1.5 -2.45) (size 0.85 0.3) (layers F.Cu F.Paste F.Mask)
      (net 69 "Net-(U3-Pad22)"))
    (pad 23 smd oval (at 1 -2.45) (size 0.85 0.3) (layers F.Cu F.Paste F.Mask)
      (net 70 "Net-(U3-Pad23)"))
    (pad 24 smd oval (at 0.5 -2.45) (size 0.85 0.3) (layers F.Cu F.Paste F.Mask)
      (net 71 "Net-(U3-Pad24)"))
    (pad 25 smd oval (at 0 -2.45) (size 0.85 0.3) (layers F.Cu F.Paste F.Mask)
      (net 22 /MOSI))
    (pad 26 smd oval (at -0.5 -2.45) (size 0.85 0.3) (layers F.Cu F.Paste F.Mask)
      (net 20 /MISO))
    (pad 27 smd oval (at -1 -2.45) (size 0.85 0.3) (layers F.Cu F.Paste F.Mask)
      (net 72 "Net-(U3-Pad27)"))
    (pad 28 smd oval (at -1.5 -2.45) (size 0.85 0.3) (layers F.Cu F.Paste F.Mask)
      (net 5 "Net-(C7-Pad2)"))
    (pad 29 smd rect (at 0.8375 0.8375 270) (size 1.675 1.675) (layers F.Cu F.Paste F.Mask)
      (net 1 GND) (solder_paste_margin_ratio -0.2))
    (pad 29 smd rect (at 0.8375 -0.8375 270) (size 1.675 1.675) (layers F.Cu F.Paste F.Mask)
      (net 1 GND) (solder_paste_margin_ratio -0.2))
    (pad 29 smd rect (at -0.8375 0.8375 270) (size 1.675 1.675) (layers F.Cu F.Paste F.Mask)
      (net 1 GND) (solder_paste_margin_ratio -0.2))
    (pad 29 smd rect (at -0.8375 -0.8375 270) (size 1.675 1.675) (layers F.Cu F.Paste F.Mask)
      (net 1 GND) (solder_paste_margin_ratio -0.2))
    (model ${KISYS3DMOD}/Housings_DFN_QFN.3dshapes/QFN-28-1EP_5x5mm_Pitch0.5mm.wrl
      (at (xyz 0 0 0))
      (scale (xyz 1 1 1))
      (rotate (xyz 0 0 0))
    )
  )

  (module Connectors_USB:USB_Micro-B_Wuerth-614105150721_Vertical_CircularHoles locked (layer B.Cu) (tedit 59F28F38) (tstamp 5A375217)
    (at 80.8 148.7 270)
    (descr "USB Micro-B receptacle, through-hole, vertical, http://katalog.we-online.de/em/datasheet/614105150721.pdf")
    (tags "usb micro receptacle vertical")
    (path /59F77EE6)
    (fp_text reference J1 (at 1.3 2.48 270) (layer B.SilkS)
      (effects (font (size 1 1) (thickness 0.15)) (justify mirror))
    )
    (fp_text value USB_B_Micro (at 1.3 -2.92 270) (layer B.Fab)
      (effects (font (size 1 1) (thickness 0.15)) (justify mirror))
    )
    (fp_line (start -2.7 1.23) (end -1 1.23) (layer B.Fab) (width 0.15))
    (fp_line (start -1 1.23) (end 0 0.23) (layer B.Fab) (width 0.15))
    (fp_line (start 0 0.23) (end 1 1.23) (layer B.Fab) (width 0.15))
    (fp_line (start 1 1.23) (end 5.3 1.23) (layer B.Fab) (width 0.15))
    (fp_line (start 5.3 1.23) (end 5.3 -1.67) (layer B.Fab) (width 0.15))
    (fp_line (start 5.3 -1.67) (end -2.7 -1.67) (layer B.Fab) (width 0.15))
    (fp_line (start -2.7 -1.67) (end -2.7 1.23) (layer B.Fab) (width 0.15))
    (fp_line (start -2.85 0.905) (end -2.85 1.38) (layer B.SilkS) (width 0.15))
    (fp_line (start -2.85 1.38) (end 5.45 1.38) (layer B.SilkS) (width 0.15))
    (fp_line (start 5.45 1.38) (end 5.45 0.905) (layer B.SilkS) (width 0.15))
    (fp_line (start -2.85 -1.345) (end -2.85 -1.82) (layer B.SilkS) (width 0.15))
    (fp_line (start -2.85 -1.82) (end 5.45 -1.82) (layer B.SilkS) (width 0.15))
    (fp_line (start 5.45 -1.82) (end 5.45 -1.345) (layer B.SilkS) (width 0.15))
    (fp_line (start -1 1.68) (end 1 1.68) (layer B.SilkS) (width 0.15))
    (fp_line (start -3.7 1.73) (end -3.7 -2.17) (layer B.CrtYd) (width 0.05))
    (fp_line (start -3.7 -2.17) (end 6.3 -2.17) (layer B.CrtYd) (width 0.05))
    (fp_line (start 6.3 -2.17) (end 6.3 1.73) (layer B.CrtYd) (width 0.05))
    (fp_line (start 6.3 1.73) (end -3.7 1.73) (layer B.CrtYd) (width 0.05))
    (fp_text user %R (at 1.3 -0.22 270) (layer B.Fab)
      (effects (font (size 1 1) (thickness 0.15)) (justify mirror))
    )
    (pad 1 thru_hole rect (at 0 0 270) (size 0.84 0.84) (drill 0.44) (layers *.Cu *.Mask)
      (net 2 +5V))
    (pad 2 thru_hole circle (at 0.65 -1 270) (size 0.84 0.84) (drill 0.44) (layers *.Cu *.Mask)
      (net 89 /D-))
    (pad 3 thru_hole circle (at 1.3 0 270) (size 0.84 0.84) (drill 0.44) (layers *.Cu *.Mask)
      (net 90 /D+))
    (pad 4 thru_hole circle (at 1.95 -1 270) (size 0.84 0.84) (drill 0.44) (layers *.Cu *.Mask)
      (net 1 GND))
    (pad 5 thru_hole circle (at 2.6 0 270) (size 0.84 0.84) (drill 0.44) (layers *.Cu *.Mask)
      (net 1 GND))
    (pad 6 thru_hole circle (at -2.275 -0.22 270) (size 1.85 1.85) (drill 1.35) (layers *.Cu *.Mask)
      (net 1 GND))
    (pad 6 thru_hole circle (at 4.875 -0.22 270) (size 1.85 1.85) (drill 1.35) (layers *.Cu *.Mask)
      (net 1 GND))
    (model ${KISYS3DMOD}/Connectors_USB.3dshapes/USB_Micro-B_Wuerth-614105150721_Vertical_CircularHoles.wrl
      (at (xyz 0 0 0))
      (scale (xyz 1 1 1))
      (rotate (xyz 0 0 0))
    )
    (model ${KIPRJMOD}/3D/Micro-USB-B-THT-vertical.step
      (at (xyz 0.04921259842519685 0.01968503937007874 0.09842519685039371))
      (scale (xyz 1 1 1))
      (rotate (xyz 180 0 0))
    )
  )

  (module wyk_mech:screw_M3 locked (layer F.Cu) (tedit 59D94BE5) (tstamp 5A374822)
    (at 54 150)
    (path /59F550D4)
    (fp_text reference M1 (at 0 4) (layer F.SilkS) hide
      (effects (font (size 1.5 1.5) (thickness 0.15)))
    )
    (fp_text value screw (at 0 -4) (layer F.Fab) hide
      (effects (font (size 1.5 1.5) (thickness 0.15)))
    )
    (pad "" np_thru_hole circle (at 0 0) (size 3 3) (drill 3) (layers *.Cu *.Mask)
      (solder_mask_margin 1.5) (clearance 1.5))
  )

  (module wyk_mech:screw_M3 locked (layer F.Cu) (tedit 59D94BE5) (tstamp 5A374831)
    (at 73 150)
    (path /59F5511E)
    (fp_text reference M2 (at 0 4) (layer F.SilkS) hide
      (effects (font (size 1.5 1.5) (thickness 0.15)))
    )
    (fp_text value screw (at 0 -4) (layer F.Fab) hide
      (effects (font (size 1.5 1.5) (thickness 0.15)))
    )
    (pad "" np_thru_hole circle (at 0 0) (size 3 3) (drill 3) (layers *.Cu *.Mask)
      (solder_mask_margin 1.5) (clearance 1.5))
  )

  (module Buttons_Switches_THT:SW_PUSH_6mm_h5mm locked (layer B.Cu) (tedit 5923F252) (tstamp 5A3735D9)
    (at 77.75 140.25)
    (descr "tactile push button, 6x6mm e.g. PHAP33xx series, height=5mm")
    (tags "tact sw push 6mm")
    (path /59F5794C)
    (fp_text reference SW1 (at 3.25 2) (layer B.SilkS)
      (effects (font (size 1 1) (thickness 0.15)) (justify mirror))
    )
    (fp_text value SW_Push (at 3.75 -6.7) (layer B.Fab)
      (effects (font (size 1 1) (thickness 0.15)) (justify mirror))
    )
    (fp_text user %R (at 3.25 -2.25) (layer B.Fab)
      (effects (font (size 1 1) (thickness 0.15)) (justify mirror))
    )
    (fp_line (start 3.25 0.75) (end 6.25 0.75) (layer B.Fab) (width 0.1))
    (fp_line (start 6.25 0.75) (end 6.25 -5.25) (layer B.Fab) (width 0.1))
    (fp_line (start 6.25 -5.25) (end 0.25 -5.25) (layer B.Fab) (width 0.1))
    (fp_line (start 0.25 -5.25) (end 0.25 0.75) (layer B.Fab) (width 0.1))
    (fp_line (start 0.25 0.75) (end 3.25 0.75) (layer B.Fab) (width 0.1))
    (fp_line (start 7.75 -6) (end 8 -6) (layer B.CrtYd) (width 0.05))
    (fp_line (start 8 -6) (end 8 -5.75) (layer B.CrtYd) (width 0.05))
    (fp_line (start 7.75 1.5) (end 8 1.5) (layer B.CrtYd) (width 0.05))
    (fp_line (start 8 1.5) (end 8 1.25) (layer B.CrtYd) (width 0.05))
    (fp_line (start -1.5 1.25) (end -1.5 1.5) (layer B.CrtYd) (width 0.05))
    (fp_line (start -1.5 1.5) (end -1.25 1.5) (layer B.CrtYd) (width 0.05))
    (fp_line (start -1.5 -5.75) (end -1.5 -6) (layer B.CrtYd) (width 0.05))
    (fp_line (start -1.5 -6) (end -1.25 -6) (layer B.CrtYd) (width 0.05))
    (fp_line (start -1.25 1.5) (end 7.75 1.5) (layer B.CrtYd) (width 0.05))
    (fp_line (start -1.5 -5.75) (end -1.5 1.25) (layer B.CrtYd) (width 0.05))
    (fp_line (start 7.75 -6) (end -1.25 -6) (layer B.CrtYd) (width 0.05))
    (fp_line (start 8 1.25) (end 8 -5.75) (layer B.CrtYd) (width 0.05))
    (fp_line (start 1 -5.5) (end 5.5 -5.5) (layer B.SilkS) (width 0.12))
    (fp_line (start -0.25 -1.5) (end -0.25 -3) (layer B.SilkS) (width 0.12))
    (fp_line (start 5.5 1) (end 1 1) (layer B.SilkS) (width 0.12))
    (fp_line (start 6.75 -3) (end 6.75 -1.5) (layer B.SilkS) (width 0.12))
    (fp_circle (center 3.25 -2.25) (end 1.25 -2.5) (layer B.Fab) (width 0.1))
    (pad 2 thru_hole circle (at 0 -4.5 270) (size 2 2) (drill 1.1) (layers *.Cu *.Mask)
      (net 3 /~RST))
    (pad 1 thru_hole circle (at 0 0 270) (size 2 2) (drill 1.1) (layers *.Cu *.Mask)
      (net 1 GND))
    (pad 2 thru_hole circle (at 6.5 -4.5 270) (size 2 2) (drill 1.1) (layers *.Cu *.Mask)
      (net 3 /~RST))
    (pad 1 thru_hole circle (at 6.5 0 270) (size 2 2) (drill 1.1) (layers *.Cu *.Mask)
      (net 1 GND))
    (model ${KISYS3DMOD}/Buttons_Switches_THT.3dshapes/SW_PUSH_6mm_h5mm.wrl
      (at (xyz 0.005 0 0))
      (scale (xyz 0.3937 0.3937 0.3937))
      (rotate (xyz 0 0 0))
    )
  )

  (module Capacitors_SMD:C_0805_HandSoldering (layer B.Cu) (tedit 58AA84A8) (tstamp 5A00B09F)
    (at 81.026 157.861 90)
    (descr "Capacitor SMD 0805, hand soldering")
    (tags "capacitor 0805")
    (path /59FA45B3)
    (attr smd)
    (fp_text reference C1 (at 0 1.75 90) (layer B.SilkS)
      (effects (font (size 1 1) (thickness 0.15)) (justify mirror))
    )
    (fp_text value 100n (at 0 -1.75 90) (layer B.Fab)
      (effects (font (size 1 1) (thickness 0.15)) (justify mirror))
    )
    (fp_text user %R (at 0 1.75 90) (layer B.Fab)
      (effects (font (size 1 1) (thickness 0.15)) (justify mirror))
    )
    (fp_line (start -1 -0.62) (end -1 0.62) (layer B.Fab) (width 0.1))
    (fp_line (start 1 -0.62) (end -1 -0.62) (layer B.Fab) (width 0.1))
    (fp_line (start 1 0.62) (end 1 -0.62) (layer B.Fab) (width 0.1))
    (fp_line (start -1 0.62) (end 1 0.62) (layer B.Fab) (width 0.1))
    (fp_line (start 0.5 0.85) (end -0.5 0.85) (layer B.SilkS) (width 0.12))
    (fp_line (start -0.5 -0.85) (end 0.5 -0.85) (layer B.SilkS) (width 0.12))
    (fp_line (start -2.25 0.88) (end 2.25 0.88) (layer B.CrtYd) (width 0.05))
    (fp_line (start -2.25 0.88) (end -2.25 -0.87) (layer B.CrtYd) (width 0.05))
    (fp_line (start 2.25 -0.87) (end 2.25 0.88) (layer B.CrtYd) (width 0.05))
    (fp_line (start 2.25 -0.87) (end -2.25 -0.87) (layer B.CrtYd) (width 0.05))
    (pad 1 smd rect (at -1.25 0 90) (size 1.5 1.25) (layers B.Cu B.Paste B.Mask)
      (net 2 +5V))
    (pad 2 smd rect (at 1.25 0 90) (size 1.5 1.25) (layers B.Cu B.Paste B.Mask)
      (net 1 GND))
    (model Capacitors_SMD.3dshapes/C_0805.wrl
      (at (xyz 0 0 0))
      (scale (xyz 1 1 1))
      (rotate (xyz 0 0 0))
    )
  )

  (module Capacitors_SMD:C_0805_HandSoldering (layer F.Cu) (tedit 58AA84A8) (tstamp 5A00EFA5)
    (at 111.244 170.132)
    (descr "Capacitor SMD 0805, hand soldering")
    (tags "capacitor 0805")
    (path /59FA3A5D)
    (attr smd)
    (fp_text reference C2 (at 0 -1.75) (layer F.SilkS)
      (effects (font (size 1 1) (thickness 0.15)))
    )
    (fp_text value 100n (at 0 1.75) (layer F.Fab)
      (effects (font (size 1 1) (thickness 0.15)))
    )
    (fp_line (start 2.25 0.87) (end -2.25 0.87) (layer F.CrtYd) (width 0.05))
    (fp_line (start 2.25 0.87) (end 2.25 -0.88) (layer F.CrtYd) (width 0.05))
    (fp_line (start -2.25 -0.88) (end -2.25 0.87) (layer F.CrtYd) (width 0.05))
    (fp_line (start -2.25 -0.88) (end 2.25 -0.88) (layer F.CrtYd) (width 0.05))
    (fp_line (start -0.5 0.85) (end 0.5 0.85) (layer F.SilkS) (width 0.12))
    (fp_line (start 0.5 -0.85) (end -0.5 -0.85) (layer F.SilkS) (width 0.12))
    (fp_line (start -1 -0.62) (end 1 -0.62) (layer F.Fab) (width 0.1))
    (fp_line (start 1 -0.62) (end 1 0.62) (layer F.Fab) (width 0.1))
    (fp_line (start 1 0.62) (end -1 0.62) (layer F.Fab) (width 0.1))
    (fp_line (start -1 0.62) (end -1 -0.62) (layer F.Fab) (width 0.1))
    (fp_text user %R (at 0 -1.75) (layer F.Fab)
      (effects (font (size 1 1) (thickness 0.15)))
    )
    (pad 2 smd rect (at 1.25 0) (size 1.5 1.25) (layers F.Cu F.Paste F.Mask)
      (net 1 GND))
    (pad 1 smd rect (at -1.25 0) (size 1.5 1.25) (layers F.Cu F.Paste F.Mask)
      (net 4 +3V3))
    (model Capacitors_SMD.3dshapes/C_0805.wrl
      (at (xyz 0 0 0))
      (scale (xyz 1 1 1))
      (rotate (xyz 0 0 0))
    )
  )

  (module Capacitors_SMD:C_0805_HandSoldering (layer F.Cu) (tedit 58AA84A8) (tstamp 5A00B0C1)
    (at 111.244 168.227)
    (descr "Capacitor SMD 0805, hand soldering")
    (tags "capacitor 0805")
    (path /59FA39E3)
    (attr smd)
    (fp_text reference C3 (at 0 -1.75) (layer F.SilkS)
      (effects (font (size 1 1) (thickness 0.15)))
    )
    (fp_text value 100n (at 0 1.75) (layer F.Fab)
      (effects (font (size 1 1) (thickness 0.15)))
    )
    (fp_text user %R (at 0 -1.75) (layer F.Fab)
      (effects (font (size 1 1) (thickness 0.15)))
    )
    (fp_line (start -1 0.62) (end -1 -0.62) (layer F.Fab) (width 0.1))
    (fp_line (start 1 0.62) (end -1 0.62) (layer F.Fab) (width 0.1))
    (fp_line (start 1 -0.62) (end 1 0.62) (layer F.Fab) (width 0.1))
    (fp_line (start -1 -0.62) (end 1 -0.62) (layer F.Fab) (width 0.1))
    (fp_line (start 0.5 -0.85) (end -0.5 -0.85) (layer F.SilkS) (width 0.12))
    (fp_line (start -0.5 0.85) (end 0.5 0.85) (layer F.SilkS) (width 0.12))
    (fp_line (start -2.25 -0.88) (end 2.25 -0.88) (layer F.CrtYd) (width 0.05))
    (fp_line (start -2.25 -0.88) (end -2.25 0.87) (layer F.CrtYd) (width 0.05))
    (fp_line (start 2.25 0.87) (end 2.25 -0.88) (layer F.CrtYd) (width 0.05))
    (fp_line (start 2.25 0.87) (end -2.25 0.87) (layer F.CrtYd) (width 0.05))
    (pad 1 smd rect (at -1.25 0) (size 1.5 1.25) (layers F.Cu F.Paste F.Mask)
      (net 4 +3V3))
    (pad 2 smd rect (at 1.25 0) (size 1.5 1.25) (layers F.Cu F.Paste F.Mask)
      (net 1 GND))
    (model Capacitors_SMD.3dshapes/C_0805.wrl
      (at (xyz 0 0 0))
      (scale (xyz 1 1 1))
      (rotate (xyz 0 0 0))
    )
  )

  (module Capacitors_SMD:C_0805_HandSoldering (layer F.Cu) (tedit 58AA84A8) (tstamp 5A00B0D2)
    (at 94.861 167.592 180)
    (descr "Capacitor SMD 0805, hand soldering")
    (tags "capacitor 0805")
    (path /59F9E19B)
    (attr smd)
    (fp_text reference C4 (at 0 -1.75 180) (layer F.SilkS)
      (effects (font (size 1 1) (thickness 0.15)))
    )
    (fp_text value 100n (at 0 1.75 180) (layer F.Fab)
      (effects (font (size 1 1) (thickness 0.15)))
    )
    (fp_text user %R (at 0 -1.75 180) (layer F.Fab)
      (effects (font (size 1 1) (thickness 0.15)))
    )
    (fp_line (start -1 0.62) (end -1 -0.62) (layer F.Fab) (width 0.1))
    (fp_line (start 1 0.62) (end -1 0.62) (layer F.Fab) (width 0.1))
    (fp_line (start 1 -0.62) (end 1 0.62) (layer F.Fab) (width 0.1))
    (fp_line (start -1 -0.62) (end 1 -0.62) (layer F.Fab) (width 0.1))
    (fp_line (start 0.5 -0.85) (end -0.5 -0.85) (layer F.SilkS) (width 0.12))
    (fp_line (start -0.5 0.85) (end 0.5 0.85) (layer F.SilkS) (width 0.12))
    (fp_line (start -2.25 -0.88) (end 2.25 -0.88) (layer F.CrtYd) (width 0.05))
    (fp_line (start -2.25 -0.88) (end -2.25 0.87) (layer F.CrtYd) (width 0.05))
    (fp_line (start 2.25 0.87) (end 2.25 -0.88) (layer F.CrtYd) (width 0.05))
    (fp_line (start 2.25 0.87) (end -2.25 0.87) (layer F.CrtYd) (width 0.05))
    (pad 1 smd rect (at -1.25 0 180) (size 1.5 1.25) (layers F.Cu F.Paste F.Mask)
      (net 4 +3V3))
    (pad 2 smd rect (at 1.25 0 180) (size 1.5 1.25) (layers F.Cu F.Paste F.Mask)
      (net 1 GND))
    (model Capacitors_SMD.3dshapes/C_0805.wrl
      (at (xyz 0 0 0))
      (scale (xyz 1 1 1))
      (rotate (xyz 0 0 0))
    )
  )

  (module Capacitors_SMD:C_0805_HandSoldering (layer F.Cu) (tedit 58AA84A8) (tstamp 5A00B0E3)
    (at 74.93 157.861 90)
    (descr "Capacitor SMD 0805, hand soldering")
    (tags "capacitor 0805")
    (path /59F9E1A2)
    (attr smd)
    (fp_text reference C5 (at 0 -1.75 90) (layer F.SilkS)
      (effects (font (size 1 1) (thickness 0.15)))
    )
    (fp_text value 100n (at 0 1.75 90) (layer F.Fab)
      (effects (font (size 1 1) (thickness 0.15)))
    )
    (fp_line (start 2.25 0.87) (end -2.25 0.87) (layer F.CrtYd) (width 0.05))
    (fp_line (start 2.25 0.87) (end 2.25 -0.88) (layer F.CrtYd) (width 0.05))
    (fp_line (start -2.25 -0.88) (end -2.25 0.87) (layer F.CrtYd) (width 0.05))
    (fp_line (start -2.25 -0.88) (end 2.25 -0.88) (layer F.CrtYd) (width 0.05))
    (fp_line (start -0.5 0.85) (end 0.5 0.85) (layer F.SilkS) (width 0.12))
    (fp_line (start 0.5 -0.85) (end -0.5 -0.85) (layer F.SilkS) (width 0.12))
    (fp_line (start -1 -0.62) (end 1 -0.62) (layer F.Fab) (width 0.1))
    (fp_line (start 1 -0.62) (end 1 0.62) (layer F.Fab) (width 0.1))
    (fp_line (start 1 0.62) (end -1 0.62) (layer F.Fab) (width 0.1))
    (fp_line (start -1 0.62) (end -1 -0.62) (layer F.Fab) (width 0.1))
    (fp_text user %R (at 0 -1.75 90) (layer F.Fab)
      (effects (font (size 1 1) (thickness 0.15)))
    )
    (pad 2 smd rect (at 1.25 0 90) (size 1.5 1.25) (layers F.Cu F.Paste F.Mask)
      (net 1 GND))
    (pad 1 smd rect (at -1.25 0 90) (size 1.5 1.25) (layers F.Cu F.Paste F.Mask)
      (net 4 +3V3))
    (model Capacitors_SMD.3dshapes/C_0805.wrl
      (at (xyz 0 0 0))
      (scale (xyz 1 1 1))
      (rotate (xyz 0 0 0))
    )
  )

  (module Capacitors_SMD:C_0805_HandSoldering (layer F.Cu) (tedit 58AA84A8) (tstamp 5A00B0F4)
    (at 33.401 129.667)
    (descr "Capacitor SMD 0805, hand soldering")
    (tags "capacitor 0805")
    (path /59F9D223)
    (attr smd)
    (fp_text reference C6 (at 0 -1.75) (layer F.SilkS)
      (effects (font (size 1 1) (thickness 0.15)))
    )
    (fp_text value 100n (at 0 1.75) (layer F.Fab)
      (effects (font (size 1 1) (thickness 0.15)))
    )
    (fp_line (start 2.25 0.87) (end -2.25 0.87) (layer F.CrtYd) (width 0.05))
    (fp_line (start 2.25 0.87) (end 2.25 -0.88) (layer F.CrtYd) (width 0.05))
    (fp_line (start -2.25 -0.88) (end -2.25 0.87) (layer F.CrtYd) (width 0.05))
    (fp_line (start -2.25 -0.88) (end 2.25 -0.88) (layer F.CrtYd) (width 0.05))
    (fp_line (start -0.5 0.85) (end 0.5 0.85) (layer F.SilkS) (width 0.12))
    (fp_line (start 0.5 -0.85) (end -0.5 -0.85) (layer F.SilkS) (width 0.12))
    (fp_line (start -1 -0.62) (end 1 -0.62) (layer F.Fab) (width 0.1))
    (fp_line (start 1 -0.62) (end 1 0.62) (layer F.Fab) (width 0.1))
    (fp_line (start 1 0.62) (end -1 0.62) (layer F.Fab) (width 0.1))
    (fp_line (start -1 0.62) (end -1 -0.62) (layer F.Fab) (width 0.1))
    (fp_text user %R (at 0 -1.75) (layer F.Fab)
      (effects (font (size 1 1) (thickness 0.15)))
    )
    (pad 2 smd rect (at 1.25 0) (size 1.5 1.25) (layers F.Cu F.Paste F.Mask)
      (net 1 GND))
    (pad 1 smd rect (at -1.25 0) (size 1.5 1.25) (layers F.Cu F.Paste F.Mask)
      (net 4 +3V3))
    (model Capacitors_SMD.3dshapes/C_0805.wrl
      (at (xyz 0 0 0))
      (scale (xyz 1 1 1))
      (rotate (xyz 0 0 0))
    )
  )

  (module Capacitors_SMD:C_0805_HandSoldering (layer F.Cu) (tedit 58AA84A8) (tstamp 5A010610)
    (at 84.074 157.861 270)
    (descr "Capacitor SMD 0805, hand soldering")
    (tags "capacitor 0805")
    (path /59F79FF6)
    (attr smd)
    (fp_text reference C7 (at 0 -1.75 270) (layer F.SilkS)
      (effects (font (size 1 1) (thickness 0.15)))
    )
    (fp_text value 100n (at 0 1.75 270) (layer F.Fab)
      (effects (font (size 1 1) (thickness 0.15)))
    )
    (fp_text user %R (at 0 -1.75 270) (layer F.Fab)
      (effects (font (size 1 1) (thickness 0.15)))
    )
    (fp_line (start -1 0.62) (end -1 -0.62) (layer F.Fab) (width 0.1))
    (fp_line (start 1 0.62) (end -1 0.62) (layer F.Fab) (width 0.1))
    (fp_line (start 1 -0.62) (end 1 0.62) (layer F.Fab) (width 0.1))
    (fp_line (start -1 -0.62) (end 1 -0.62) (layer F.Fab) (width 0.1))
    (fp_line (start 0.5 -0.85) (end -0.5 -0.85) (layer F.SilkS) (width 0.12))
    (fp_line (start -0.5 0.85) (end 0.5 0.85) (layer F.SilkS) (width 0.12))
    (fp_line (start -2.25 -0.88) (end 2.25 -0.88) (layer F.CrtYd) (width 0.05))
    (fp_line (start -2.25 -0.88) (end -2.25 0.87) (layer F.CrtYd) (width 0.05))
    (fp_line (start 2.25 0.87) (end 2.25 -0.88) (layer F.CrtYd) (width 0.05))
    (fp_line (start 2.25 0.87) (end -2.25 0.87) (layer F.CrtYd) (width 0.05))
    (pad 1 smd rect (at -1.25 0 270) (size 1.5 1.25) (layers F.Cu F.Paste F.Mask)
      (net 3 /~RST))
    (pad 2 smd rect (at 1.25 0 270) (size 1.5 1.25) (layers F.Cu F.Paste F.Mask)
      (net 5 "Net-(C7-Pad2)"))
    (model Capacitors_SMD.3dshapes/C_0805.wrl
      (at (xyz 0 0 0))
      (scale (xyz 1 1 1))
      (rotate (xyz 0 0 0))
    )
  )

  (module Capacitors_SMD:C_0805_HandSoldering (layer F.Cu) (tedit 58AA84A8) (tstamp 5A00B116)
    (at 76.835 157.861 90)
    (descr "Capacitor SMD 0805, hand soldering")
    (tags "capacitor 0805")
    (path /59F9D02B)
    (attr smd)
    (fp_text reference C8 (at 0 -1.75 90) (layer F.SilkS)
      (effects (font (size 1 1) (thickness 0.15)))
    )
    (fp_text value 10n (at 0 1.75 90) (layer F.Fab)
      (effects (font (size 1 1) (thickness 0.15)))
    )
    (fp_text user %R (at 0 -1.75 90) (layer F.Fab)
      (effects (font (size 1 1) (thickness 0.15)))
    )
    (fp_line (start -1 0.62) (end -1 -0.62) (layer F.Fab) (width 0.1))
    (fp_line (start 1 0.62) (end -1 0.62) (layer F.Fab) (width 0.1))
    (fp_line (start 1 -0.62) (end 1 0.62) (layer F.Fab) (width 0.1))
    (fp_line (start -1 -0.62) (end 1 -0.62) (layer F.Fab) (width 0.1))
    (fp_line (start 0.5 -0.85) (end -0.5 -0.85) (layer F.SilkS) (width 0.12))
    (fp_line (start -0.5 0.85) (end 0.5 0.85) (layer F.SilkS) (width 0.12))
    (fp_line (start -2.25 -0.88) (end 2.25 -0.88) (layer F.CrtYd) (width 0.05))
    (fp_line (start -2.25 -0.88) (end -2.25 0.87) (layer F.CrtYd) (width 0.05))
    (fp_line (start 2.25 0.87) (end 2.25 -0.88) (layer F.CrtYd) (width 0.05))
    (fp_line (start 2.25 0.87) (end -2.25 0.87) (layer F.CrtYd) (width 0.05))
    (pad 1 smd rect (at -1.25 0 90) (size 1.5 1.25) (layers F.Cu F.Paste F.Mask)
      (net 4 +3V3))
    (pad 2 smd rect (at 1.25 0 90) (size 1.5 1.25) (layers F.Cu F.Paste F.Mask)
      (net 1 GND))
    (model Capacitors_SMD.3dshapes/C_0805.wrl
      (at (xyz 0 0 0))
      (scale (xyz 1 1 1))
      (rotate (xyz 0 0 0))
    )
  )

  (module Capacitors_SMD:C_0805_HandSoldering (layer F.Cu) (tedit 58AA84A8) (tstamp 5A00FC79)
    (at 49.236 145.161 90)
    (descr "Capacitor SMD 0805, hand soldering")
    (tags "capacitor 0805")
    (path /59FFEF2E)
    (attr smd)
    (fp_text reference C9 (at 0 -1.75 90) (layer F.SilkS)
      (effects (font (size 1 1) (thickness 0.15)))
    )
    (fp_text value 10n (at 0 1.75 90) (layer F.Fab)
      (effects (font (size 1 1) (thickness 0.15)))
    )
    (fp_text user %R (at 0 -1.75 90) (layer F.Fab)
      (effects (font (size 1 1) (thickness 0.15)))
    )
    (fp_line (start -1 0.62) (end -1 -0.62) (layer F.Fab) (width 0.1))
    (fp_line (start 1 0.62) (end -1 0.62) (layer F.Fab) (width 0.1))
    (fp_line (start 1 -0.62) (end 1 0.62) (layer F.Fab) (width 0.1))
    (fp_line (start -1 -0.62) (end 1 -0.62) (layer F.Fab) (width 0.1))
    (fp_line (start 0.5 -0.85) (end -0.5 -0.85) (layer F.SilkS) (width 0.12))
    (fp_line (start -0.5 0.85) (end 0.5 0.85) (layer F.SilkS) (width 0.12))
    (fp_line (start -2.25 -0.88) (end 2.25 -0.88) (layer F.CrtYd) (width 0.05))
    (fp_line (start -2.25 -0.88) (end -2.25 0.87) (layer F.CrtYd) (width 0.05))
    (fp_line (start 2.25 0.87) (end 2.25 -0.88) (layer F.CrtYd) (width 0.05))
    (fp_line (start 2.25 0.87) (end -2.25 0.87) (layer F.CrtYd) (width 0.05))
    (pad 1 smd rect (at -1.25 0 90) (size 1.5 1.25) (layers F.Cu F.Paste F.Mask)
      (net 6 "Net-(C9-Pad1)"))
    (pad 2 smd rect (at 1.25 0 90) (size 1.5 1.25) (layers F.Cu F.Paste F.Mask)
      (net 1 GND))
    (model Capacitors_SMD.3dshapes/C_0805.wrl
      (at (xyz 0 0 0))
      (scale (xyz 1 1 1))
      (rotate (xyz 0 0 0))
    )
  )

  (module Capacitors_SMD:C_0805_HandSoldering (layer F.Cu) (tedit 58AA84A8) (tstamp 5A00FB56)
    (at 45.426 145.161 90)
    (descr "Capacitor SMD 0805, hand soldering")
    (tags "capacitor 0805")
    (path /59FFE480)
    (attr smd)
    (fp_text reference C10 (at 0 -1.75 90) (layer F.SilkS)
      (effects (font (size 1 1) (thickness 0.15)))
    )
    (fp_text value 100n (at 0 1.75 90) (layer F.Fab)
      (effects (font (size 1 1) (thickness 0.15)))
    )
    (fp_line (start 2.25 0.87) (end -2.25 0.87) (layer F.CrtYd) (width 0.05))
    (fp_line (start 2.25 0.87) (end 2.25 -0.88) (layer F.CrtYd) (width 0.05))
    (fp_line (start -2.25 -0.88) (end -2.25 0.87) (layer F.CrtYd) (width 0.05))
    (fp_line (start -2.25 -0.88) (end 2.25 -0.88) (layer F.CrtYd) (width 0.05))
    (fp_line (start -0.5 0.85) (end 0.5 0.85) (layer F.SilkS) (width 0.12))
    (fp_line (start 0.5 -0.85) (end -0.5 -0.85) (layer F.SilkS) (width 0.12))
    (fp_line (start -1 -0.62) (end 1 -0.62) (layer F.Fab) (width 0.1))
    (fp_line (start 1 -0.62) (end 1 0.62) (layer F.Fab) (width 0.1))
    (fp_line (start 1 0.62) (end -1 0.62) (layer F.Fab) (width 0.1))
    (fp_line (start -1 0.62) (end -1 -0.62) (layer F.Fab) (width 0.1))
    (fp_text user %R (at 0 -1.75 90) (layer F.Fab)
      (effects (font (size 1 1) (thickness 0.15)))
    )
    (pad 2 smd rect (at 1.25 0 90) (size 1.5 1.25) (layers F.Cu F.Paste F.Mask)
      (net 1 GND))
    (pad 1 smd rect (at -1.25 0 90) (size 1.5 1.25) (layers F.Cu F.Paste F.Mask)
      (net 7 "Net-(C10-Pad1)"))
    (model Capacitors_SMD.3dshapes/C_0805.wrl
      (at (xyz 0 0 0))
      (scale (xyz 1 1 1))
      (rotate (xyz 0 0 0))
    )
  )

  (module Capacitors_SMD:C_0805_HandSoldering (layer F.Cu) (tedit 58AA84A8) (tstamp 5A00FE05)
    (at 47.331 145.161 270)
    (descr "Capacitor SMD 0805, hand soldering")
    (tags "capacitor 0805")
    (path /59FFF41A)
    (attr smd)
    (fp_text reference C11 (at 0 -1.75 270) (layer F.SilkS)
      (effects (font (size 1 1) (thickness 0.15)))
    )
    (fp_text value 100n (at 0 1.75 270) (layer F.Fab)
      (effects (font (size 1 1) (thickness 0.15)))
    )
    (fp_line (start 2.25 0.87) (end -2.25 0.87) (layer F.CrtYd) (width 0.05))
    (fp_line (start 2.25 0.87) (end 2.25 -0.88) (layer F.CrtYd) (width 0.05))
    (fp_line (start -2.25 -0.88) (end -2.25 0.87) (layer F.CrtYd) (width 0.05))
    (fp_line (start -2.25 -0.88) (end 2.25 -0.88) (layer F.CrtYd) (width 0.05))
    (fp_line (start -0.5 0.85) (end 0.5 0.85) (layer F.SilkS) (width 0.12))
    (fp_line (start 0.5 -0.85) (end -0.5 -0.85) (layer F.SilkS) (width 0.12))
    (fp_line (start -1 -0.62) (end 1 -0.62) (layer F.Fab) (width 0.1))
    (fp_line (start 1 -0.62) (end 1 0.62) (layer F.Fab) (width 0.1))
    (fp_line (start 1 0.62) (end -1 0.62) (layer F.Fab) (width 0.1))
    (fp_line (start -1 0.62) (end -1 -0.62) (layer F.Fab) (width 0.1))
    (fp_text user %R (at 0 -1.75 270) (layer F.Fab)
      (effects (font (size 1 1) (thickness 0.15)))
    )
    (pad 2 smd rect (at 1.25 0 270) (size 1.5 1.25) (layers F.Cu F.Paste F.Mask)
      (net 4 +3V3))
    (pad 1 smd rect (at -1.25 0 270) (size 1.5 1.25) (layers F.Cu F.Paste F.Mask)
      (net 1 GND))
    (model Capacitors_SMD.3dshapes/C_0805.wrl
      (at (xyz 0 0 0))
      (scale (xyz 1 1 1))
      (rotate (xyz 0 0 0))
    )
  )

  (module Capacitors_SMD:C_0805_HandSoldering (layer F.Cu) (tedit 58AA84A8) (tstamp 5A00FC43)
    (at 40.981 149.479)
    (descr "Capacitor SMD 0805, hand soldering")
    (tags "capacitor 0805")
    (path /59FFF53E)
    (attr smd)
    (fp_text reference C12 (at 0 -1.75) (layer F.SilkS)
      (effects (font (size 1 1) (thickness 0.15)))
    )
    (fp_text value 100n (at 0 1.75) (layer F.Fab)
      (effects (font (size 1 1) (thickness 0.15)))
    )
    (fp_text user %R (at 0 -1.75) (layer F.Fab)
      (effects (font (size 1 1) (thickness 0.15)))
    )
    (fp_line (start -1 0.62) (end -1 -0.62) (layer F.Fab) (width 0.1))
    (fp_line (start 1 0.62) (end -1 0.62) (layer F.Fab) (width 0.1))
    (fp_line (start 1 -0.62) (end 1 0.62) (layer F.Fab) (width 0.1))
    (fp_line (start -1 -0.62) (end 1 -0.62) (layer F.Fab) (width 0.1))
    (fp_line (start 0.5 -0.85) (end -0.5 -0.85) (layer F.SilkS) (width 0.12))
    (fp_line (start -0.5 0.85) (end 0.5 0.85) (layer F.SilkS) (width 0.12))
    (fp_line (start -2.25 -0.88) (end 2.25 -0.88) (layer F.CrtYd) (width 0.05))
    (fp_line (start -2.25 -0.88) (end -2.25 0.87) (layer F.CrtYd) (width 0.05))
    (fp_line (start 2.25 0.87) (end 2.25 -0.88) (layer F.CrtYd) (width 0.05))
    (fp_line (start 2.25 0.87) (end -2.25 0.87) (layer F.CrtYd) (width 0.05))
    (pad 1 smd rect (at -1.25 0) (size 1.5 1.25) (layers F.Cu F.Paste F.Mask)
      (net 1 GND))
    (pad 2 smd rect (at 1.25 0) (size 1.5 1.25) (layers F.Cu F.Paste F.Mask)
      (net 4 +3V3))
    (model Capacitors_SMD.3dshapes/C_0805.wrl
      (at (xyz 0 0 0))
      (scale (xyz 1 1 1))
      (rotate (xyz 0 0 0))
    )
  )

